acquire 1574
    0377 1574 1578 2460 2589
    2608 2627 2658 2717 2774
    2818 2833 2866 2879 2883
    3076 3093 3366 3722 3742
    3761 4257 4315 4420 4481
    4680 4707 4724 4781 5058
    5091 5111 5140 5160 5170
    5679 5704 5718 6563 6584
    6605 7910 8066 8108 8156
allocproc 2455
    2455 2507 2560
allocuvm 1953
    0422 1953 1967 2537 6396
    6408
alltraps 3254
    3209 3217 3230 3235 3253
    3254
ALT 7660
    7660 7688 7690
argfd 5869
    5869 5906 5921 5933 5944
    5956
argint 3545
    0395 3545 3558 3574 3683
    3706 3720 3757 5874 5921
    5933 6158 6226 6227 6281
argptr 3554
    0396 3554 5921 5933 5956
    6307
argstr 3571
    0397 3571 5968 6058 6158
    6207 6225 6257 6281
__attribute__ 1310
    0271 0365 1209 1310
BACK 8511
    8511 8624 8770 9039
backcmd 8546 8764
    8546 8559 8625 8764 8766
    8892 9005 9040
BACKSPACE 8000
    8000 8017 8044 8076 8082
balloc 4854
    4854 4874 5217 5225 5229
BBLOCK 4010
    4010 4861 4885
B_BUSY 3809
    3809 4308 4426 4427 4440
    4443 4467 4478 4490
B_DIRTY 3811
    3811 4243 4266 4271 4310
    4328 4440 4469 4789
begin_op 4678
    0335 2622 4678 5733 5824
    5971 6061 6161 6206 6224
    6256 6370
bfree 4879
    4879 5264 5274 5277
bget 4416
    4416 4448 4456
binit 4389
    0262 1231 4389
bmap 5210
    4972 5210 5236 5319 5369
bootmain 9167
    9118 9167
BPB 4007
    4007 4010 4860 4862 4886
bread 4452
    0263 4452 4627 4628 4640
    4656 4738 4739 4832 4843
    4861 4885 5010 5031 5118
    5226 5270 5319 5369
brelse 4476
    0264 4476 4479 4631 4632
    4647 4664 4742 4743 4834
    4846 4867 4872 4892 5016
    5019 5040 5126 5232 5276
    5322 5373
BSIZE 3955
    3807 3955 3973 4001 4007
    4231 4245 4267 4608 4629
    4740 4844 5319 5320 5321
    5365 5369 5370 5371
buf 3800
    0250 0263 0264 0265 0307
    0334 2120 2123 2132 2134
    3800 3804 3805 3806 4162
    4178 4181 4225 4254 4304
    4306 4309 4377 4381 4385
    4391 4403 4415 4418 4451
    4454 4465 4476 4555 4627
    4628 4640 4641 4647 4656
    4657 4663 4664 4738 4739
    4772 4819 4830 4841 4857
    4881 5006 5028 5105 5213
    5259 5305 5355 7879 7890
    7894 7897 8053 8074 8088
    8118 8151 8158 8634 8637
    8638 8639 8653 8665 8666
    8669 8670 8671 8675
B_VALID 3810
    3810 4270 4310 4328 4457
bwrite 4465
    0265 4465 4468 4630 4663
    4741
bzero 4839
    4839 4868
C 7681 8059
    7681 7729 7754 7755 7756
    7757 7758 7760 8059 8069
    8072 8079 8090 8119
CAPSLOCK 7662
    7662 7695 7836
cgaputc 8005
    8005 8048
clearpteu 2029
    0431 2029 2035 6410
cli 0557
    0557 0559 1126 1660 7960
    8039 9062
cmd 8515
    8515 8527 8536 8537 8542
    8543 8548 8552 8556 8565
    8568 8573 8581 8587 8591
    8601 8625 8627 8702 8705
    8707 8708 8709 8710 8713
    8714 8716 8718 8719 8720
    8721 8722 8723 8724 8725
    8726 8729 8730 8732 8734
    8735 8736 8737 8738 8739
    8750 8751 8753 8755 8756
    8757 8758 8759 8760 8763
    8764 8766 8768 8769 8770
    8771 8772 8862 8863 8864
    8865 8867 8871 8874 8880
    8881 8884 8887 8889 8892
    8896 8898 8900 8903 8905
    8908 8910 8913 8914 8925
    8928 8931 8935 8950 8953
    8958 8962 8963 8966 8971
    8972 8978 8987 8988 8994
    8995 9001 9002 9011 9014
    9016 9022 9023 9028 9034
    9040 9041 9044
CMOS_PORT 7335
    7335 7349 7350 7388
CMOS_RETURN 7336
    7336 7391
CMOS_STATA 7375
    7375 7423
CMOS_STATB 7376
    7376 7416
CMOS_UIP 7377
    7377 7423
COM1 8263
    8263 8273 8276 8277 8278
    8279 8280 8281 8284 8290
    8291 8307 8309 8317 8319
commit 4751
    4603 4723 4751
CONSOLE 4087
    4087 8171 8172
consoleinit 8166
    0268 1227 8166
consoleintr 8062
    0270 7848 8062 8325
consoleread 8101
    8101 8172
consolewrite 8151
    8151 8171
consputc 8036
    7866 7897 7918 7936 7939
    7943 7944 8036 8076 8082
    8089 8158
context 2343
    0251 0374 2306 2343 2361
    2488 2489 2490 2491 2728
    2766 2928
CONV 7432
    7432 7433 7434 7435 7436
    7437 7438 7439
copyout 2118
    0430 2118 6418 6429
copyuvm 2053
    0427 2053 2064 2066 2564
cprintf 7902
    0269 1224 1264 1967 2926
    2930 2932 3390 3403 3408
    3636 3753 3755 3764 4972
    7069 7089 7311 7512 7902
    7962 7963 7964 7967
cpu 2304
    0310 1224 1264 1266 1278
    1506 1566 1587 1608 1646
    1661 1662 1670 1672 1718
    1731 1737 1876 1877 1878
    1879 2304 2314 2318 2329
    2728 2759 2765 2766 2767
    3365 3390 3391 3403 3404
    3408 3410 6963 6964 7311
    7962
cpunum 7301
    0325 1288 1724 7301 7523
    7532
CR0_PE 0727
    0727 1135 1171 9093
CR0_PG 0737
    0737 1050 1171
CR0_WP 0733
    0733 1050 1171
CR4_PSE 0739
    0739 1043 1164
create 6107
    3764 6107 6127 6140 6144
    6164 6207 6228
CRTPORT 8001
    8001 8010 8011 8012 8013
    8028 8029 8030 8031
CTL 7659
    7659 7685 7689 7835
DAY 7382
    7382 7405
deallocuvm 1982
    0423 1968 1982 2016 2540
DEVSPACE 0204
    0204 1832 1845
devsw 4080
    4080 4085 5308 5310 5358
    5360 5661 8171 8172
dinode 3977
    3977 4001 5007 5011 5029
    5032 5106 5119
dirent 4015
    4015 5414 5455 6016 6054
dirlink 5452
    0287 5421 5452 5467 5475
    5991 6139 6143 6144
dirlookup 5411
    0288 5411 5417 5459 5575
    6073 6117
DIRSIZ 4013
    4013 4017 5405 5472 5528
    5529 5592 5965 6055 6111
DPL_USER 0779
    0779 1727 1728 2514 2515
    3323 3418 3431
E0ESC 7666
    7666 7820 7824 7825 7827
    7830
elfhdr 0955
    0955 6365 9169 9174
ELF_MAGIC 0952
    0952 6381 9180
ELF_PROG_LOAD 0986
    0986 6392
end_op 4703
    0336 2624 4703 5735 5829
    5973 5980 5998 6007 6063
    6097 6102 6166 6171 6177
    6186 6190 6208 6212 6229
    6233 6258 6264 6269 6372
    6402 6455
entry 1040
    0961 1036 1039 1040 3202
    3203 6442 6821 9171 9195
    9196
EOI 7165
    7165 7284 7325
ERROR 7186
    7186 7277
ESR 7168
    7168 7280 7281
exec 6360
    0274 6297 6360 8418 8479
    8480 8576 8577
EXEC 8507
    8507 8572 8709 9015
execcmd 8519 8703
    8519 8560 8573 8703 8705
    8971 8977 8978 9006 9016
exit 2604
    0359 2604 2644 3355 3359
    3419 3432 3668 8366 8369
    8411 8476 8481 8566 8575
    8585 8630 8678 8685
EXTMEM 0202
    0202 0208 1829
fdalloc 5888
    5888 5908 6182 6312
fetchint 3517
    0398 3517 3547 6288
fetchstr 3529
    0399 3529 3576 6294
file 4050
    0252 0277 0278 0279 0281
    0282 0283 0351 2364 4050
    4820 5658 5664 5674 5677
    5680 5701 5702 5714 5716
    5752 5765 5802 5863 5869
    5872 5888 5903 5917 5929
    5942 5953 6155 6304 6506
    6521 7860 8258 8528 8583
    8584 8714 8722 8922
filealloc 5675
    0277 5675 6182 6527
fileclose 5714
    0278 2617 5714 5720 5947
    6184 6315 6316 6554 6556
filedup 5702
    0279 2581 5702 5706 5910
fileinit 5668
    0280 1232 5668
fileread 5765
    0281 5765 5780 5923
filestat 5752
    0282 5752 5958
filewrite 5802
    0283 5802 5834 5839 5935
FL_IF 0710
    0710 1662 1668 2518 2763
    7308
fork 2554
    0360 2554 3662 8410 8473
    8475 8693 8695
fork1 8689
    8550 8592 8604 8611 8626
    8674 8689
forkret 2783
    2417 2491 2783
freerange 3051
    3011 3034 3040 3051
freevm 2010
    0424 2010 2015 2078 2671
    6445 6452
FSSIZE 0162
    0162 4229
gatedesc 0901
    0523 0526 0901 3311
getcallerpcs 1626
    0378 1588 1626 2928 7965
getcmd 8634
    8634 8665
gettoken 8806
    8806 8891 8895 8907 8920
    8921 8957 8961 8983
growproc 2531
    0361 2531 3709
havedisk1 4180
    4180 4214 4312
holding 1644
    0379 1577 1604 1644 2757
HOURS 7381
    7381 7404
ialloc 5003
    0289 5003 5021 6126 6127
IBLOCK 4004
    4004 5010 5031 5118
I_BUSY 4075
    4075 5112 5114 5137 5141
    5163 5165
ICRHI 7179
    7179 7287 7357 7369
ICRLO 7169
    7169 7288 7289 7358 7360
    7370
ID 7162
    7162 7198 7316
IDE_BSY 4165
    4165 4189
IDE_CMD_READ 4170
    4170 4247
IDE_CMD_WRITE 4171
    4171 4244
IDE_DF 4167
    4167 4191
IDE_DRDY 4166
    4166 4189
IDE_ERR 4168
    4168 4191
ideinit 4201
    0305 1233 4201
ideintr 4252
    0306 3374 4252
idelock 4177
    4177 4205 4257 4259 4278
    4315 4329 4332
iderw 4304
    0307 4304 4309 4311 4313
    4458 4470
idestart 4225
    4181 4225 4228 4234 4276
    4325
idewait 4185
    4185 4208 4236 4266
idtinit 3329
    0406 1265 3329
idup 5089
    0290 2582 5089 5562
iget 5054
    4976 5017 5054 5074 5429
    5560
iinit 4968
    0291 2794 4968
ilock 5103
    0292 5103 5109 5129 5565
    5755 5774 5825 5977 5990
    6003 6067 6075 6115 6119
    6129 6174 6261 6375 8113
    8133 8160
inb 0453
    0453 4189 4213 7104 7391
    7814 7817 8011 8013 8284
    8290 8291 8307 8317 8319
    9073 9081 9204
initlock 1562
    0380 1562 2425 3032 3325
    4205 4393 4612 4970 5670
    6535 8168 8169
initlog 4606
    0333 2795 4606 4609
inituvm 1903
    0425 1903 1908 2511
inode 4062
    0253 0287 0288 0289 0290
    0292 0293 0294 0295 0296
    0298 0299 0300 0301 0302
    0426 1918 2365 4056 4062
    4081 4082 4823 4964 4976
    5002 5026 5053 5056 5062
    5088 5089 5103 5135 5158
    5180 5210 5256 5287 5302
    5352 5410 5411 5452 5456
    5554 5557 5589 5600 5966
    6013 6053 6106 6110 6156
    6204 6219 6254 6366 8101
    8151
INPUT_BUF 8050
    8050 8053 8074 8086 8088
    8090 8118
insl 0462
    0462 0464 4267 9223
install_trans 4622
    4622 4671 4756
INT_DISABLED 7469
    7469 7517
ioapic 7477
    7057 7079 7080 7474 7477
    7486 7487 7493 7494 7508
IOAPIC 7458
    7458 7508
ioapicenable 7523
    0310 4207 7523 8176 8293
ioapicid 6967
    0311 6967 7080 7097 7511
    7512
ioapicinit 7501
    0312 1226 7501 7512
ioapicread 7484
    7484 7509 7510
ioapicwrite 7491
    7491 7517 7518 7531 7532
IO_PIC1 7557
    7557 7570 7585 7594 7597
    7602 7612 7626 7627
IO_PIC2 7558
    7558 7571 7586 7615 7616
    7617 7620 7629 7630
IO_TIMER1 8209
    8209 8218 8228 8229
IPB 4001
    4001 4004 5011 5032 5119
iput 5158
    0293 2623 5158 5164 5183
    5460 5583 5734 5996 6268
IRQ_COM1 3183
    3183 3384 8292 8293
IRQ_ERROR 3185
    3185 7277
IRQ_IDE 3184
    3184 3373 3377 4206 4207
IRQ_KBD 3182
    3182 3380 8175 8176
IRQ_SLAVE 7560
    7560 7564 7602 7617
IRQ_SPURIOUS 3186
    3186 3389 7257
IRQ_TIMER 3181
    3181 3364 3423 7264 8230
isdirempty 6013
    6013 6020 6079
ismp 6965
    0339 1234 6965 7062 7070
    7090 7093 7505 7525
itrunc 5256
    4823 5167 5256
iunlock 5135
    0294 5135 5138 5182 5572
    5757 5777 5828 5986 6189
    6267 8106 8155
iunlockput 5180
    0295 5180 5567 5576 5579
    5979 5992 5995 6006 6080
    6091 6095 6101 6118 6122
    6146 6176 6185 6211 6232
    6263 6401 6454
iupdate 5026
    0296 5026 5169 5282 5378
    5985 6005 6089 6094 6133
    6137
I_VALID 4076
    4076 5117 5127 5161
kalloc 3088
    0315 1294 1763 1842 1909
    1965 2069 2473 3088 6529
KBDATAP 7654
    7654 7817
kbdgetc 7806
    7806 7848
kbdintr 7846
    0321 3381 7846
KBS_DIB 7653
    7653 7815
KBSTATP 7652
    7652 7814
KERNBASE 0207
    0207 0208 0212 0213 0217
    0218 0220 0221 1315 1633
    1829 1958 2016
KERNLINK 0208
    0208 1830
KEY_DEL 7678
    7678 7719 7741 7765
KEY_DN 7672
    7672 7715 7737 7761
KEY_END 7670
    7670 7718 7740 7764
KEY_HOME 7669
    7669 7718 7740 7764
KEY_INS 7677
    7677 7719 7741 7765
KEY_LF 7673
    7673 7717 7739 7763
KEY_PGDN 7676
    7676 7716 7738 7762
KEY_PGUP 7675
    7675 7716 7738 7762
KEY_RT 7674
    7674 7717 7739 7763
KEY_UP 7671
    7671 7715 7737 7761
kfree 3065
    0316 1998 2000 2020 2023
    2565 2669 3056 3065 3070
    6552 6573
kill 2875
    0362 2875 3409 3685 8417
kinit1 3030
    0317 1219 3030
kinit2 3038
    0318 1237 3038
KSTACKSIZE 0151
    0151 1054 1063 1295 1879
    2477
kvmalloc 1857
    0418 1220 1857
lapiceoi 7322
    0327 3371 3375 3382 3386
    3392 7322
lapicinit 7251
    0328 1222 1256 7251
lapicstartap 7341
    0329 1299 7341
lapicw 7195
    7195 7257 7263 7264 7265
    7268 7269 7274 7277 7280
    7281 7284 7287 7288 7293
    7325 7357 7358 7360 7369
    7370
lcr3 0590
    0590 1868 1883
lgdt 0512
    0512 0520 1133 1733 9091
lidt 0526
    0526 0534 3331
LINT0 7184
    7184 7268
LINT1 7185
    7185 7269
LIST 8510
    8510 8590 8757 9033
listcmd 8540 8751
    8540 8561 8591 8751 8753
    8896 9007 9034
loadgs 0551
    0551 1734
loaduvm 1918
    0426 1918 1924 1927 6398
log 4587 4600
    4587 4600 4612 4614 4615
    4616 4626 4627 4628 4640
    4643 4644 4645 4656 4659
    4660 4661 4672 4680 4682
    4683 4684 4686 4688 4689
    4707 4708 4709 4710 4711
    4713 4716 4718 4724 4725
    4726 4727 4737 4738 4739
    4753 4757 4776 4778 4781
    4782 4783 4786 4787 4788
    4790
logheader 4582
    4582 4594 4608 4609 4641
    4657
LOGSIZE 0160
    0160 4584 4684 4776 5817
log_write 4772
    0334 4772 4779 4845 4866
    4891 5015 5039 5230 5372
ltr 0538
    0538 0540 1880
mappages 1779
    1779 1848 1911 1972 2072
MAXARG 0158
    0158 6277 6364 6415
MAXARGS 8513
    8513 8521 8522 8990
MAXFILE 3974
    3974 5365
MAXOPBLOCKS 0159
    0159 0160 0161 4684
memcmp 6665
    0386 6665 6995 7038 7426
memmove 6681
    0387 1285 1912 2071 2132
    4629 4740 4833 5038 5125
    5321 5371 5529 5531 6681
    6704 8023
memset 6654
    0388 1766 1844 1910 1971
    2490 2513 3073 4844 5013
    6084 6284 6654 8025 8637
    8708 8719 8735 8756 8769
microdelay 7331
    0330 7331 7359 7361 7371
    7389 8308
min 4822
    4822 5320 5370
MINS 7380
    7380 7403
MONTH 7383
    7383 7406
mp 6802
    6802 6958 6987 6994 6995
    6996 7005 7010 7014 7015
    7018 7019 7030 7033 7035
    7037 7044 7054 7060 7100
mpbcpu 6970
    0340 6970
MPBUS 6852
    6852 7083
mpconf 6813
    6813 7029 7032 7037 7055
mpconfig 7030
    7030 7060
mpenter 1252
    1252 1296
mpinit 7051
    0341 1221 7051 7069 7089
mpioapic 6839
    6839 7057 7079 7081
MPIOAPIC 6853
    6853 7078
MPIOINTR 6854
    6854 7084
MPLINTR 6855
    6855 7085
mpmain 1262
    1209 1240 1257 1262
mpproc 6828
    6828 7056 7067 7076
MPPROC 6851
    6851 7066
mpsearch 7006
    7006 7035
mpsearch1 6988
    6988 7014 7018 7021
multiboot_header 1025
    1024 1025
namecmp 5403
    0297 5403 5424 6070
namei 5590
    0298 2523 5590 5972 6170
    6257 6371
nameiparent 5601
    0299 5555 5570 5582 5601
    5988 6062 6113
namex 5555
    5555 5593 5603
NBUF 0161
    0161 4381 4403
ncpu 6966
    1224 1287 2319 4207 6966
    7068 7069 7073 7074 7075
    7095
NCPU 0152
    0152 2318 6963
NDEV 0156
    0156 5308 5358 5661
NDIRECT 3972
    3972 3974 3983 4073 5215
    5220 5224 5225 5262 5269
    5270 5277 5278
NELEM 0434
    0434 1847 2922 3633 6286
nextpid 2416
    2416 2469
NFILE 0154
    0154 5664 5680
NINDIRECT 3973
    3973 3974 5222 5272
NINODE 0155
    0155 4964 5062
NO 7656
    7656 7702 7705 7707 7708
    7709 7710 7712 7724 7727
    7729 7730 7731 7732 7734
    7752 7753 7755 7756 7757
    7758
NOFILE 0153
    0153 2364 2579 2615 5876
    5892
NPDENTRIES 0821
    0821 1311 2017
NPROC 0150
    0150 2411 2461 2633 2662
    2718 2857 2880 2919
NPTENTRIES 0822
    0822 1994
NSEGS 2301
    1711 2301 2308
nulterminate 9002
    8865 8880 9002 9023 9029
    9030 9035 9036 9041
NUMLOCK 7663
    7663 7696
O_CREATE 3853
    3853 6163 8928 8931
O_RDONLY 3850
    3850 6175 8925
O_RDWR 3852
    3852 6196 8464 8466 8657
outb 0471
    0471 4211 4220 4237 4238
    4239 4240 4241 4242 4244
    4247 7103 7104 7349 7350
    7388 7570 7571 7585 7586
    7594 7597 7602 7612 7615
    7616 7617 7620 7626 7627
    7629 7630 8010 8012 8028
    8029 8030 8031 8227 8228
    8229 8273 8276 8277 8278
    8279 8280 8281 8309 9078
    9086 9214 9215 9216 9217
    9218 9219
outsl 0483
    0483 0485 4245
outw 0477
    0477 1181 1183 9124 9126
O_WRONLY 3851
    3851 6195 6196 8928 8931
P2V 0218
    0218 1219 1237 7012 7351
    8002
panic 7955 8682
    0271 1578 1605 1669 1671
    1790 1846 1882 1908 1924
    1927 1998 2015 2035 2064
    2066 2510 2612 2644 2758
    2760 2762 2764 2806 2809
    3070 3405 4228 4230 4234
    4309 4311 4313 4448 4468
    4479 4609 4710 4777 4779
    4874 4889 5021 5074 5109
    5129 5138 5164 5236 5417
    5421 5467 5475 5706 5720
    5780 5834 5839 6020 6078
    6086 6127 6140 6144 7913
    7955 7962 8551 8570 8603
    8682 8695 8878 8922 8956
    8960 8986 8991
panicked 7868
    7868 7968 8038
parseblock 8951
    8951 8956 8975
parsecmd 8868
    8552 8675 8868
parseexec 8967
    8864 8905 8967
parseline 8885
    8862 8874 8885 8896 8958
parsepipe 8901
    8863 8889 8901 8908
parseredirs 8914
    8914 8962 8981 8992
PCINT 7183
    7183 7274
pde_t 0103
    0103 0420 0421 0422 0423
    0424 0425 0426 0427 0430
    0431 1210 1270 1311 1710
    1754 1756 1779 1836 1839
    1842 1903 1918 1953 1982
    2010 2029 2052 2053 2055
    2102 2118 2355 6368
PDX 0812
    0812 1759
PDXSHIFT 0827
    0812 0818 0827 1315
peek 8851
    8851 8875 8890 8894 8906
    8919 8955 8959 8974 8982
PGROUNDDOWN 0830
    0830 1784 1785 2125
PGROUNDUP 0829
    0829 1963 1990 3054 6407
PGSIZE 0823
    0823 0829 0830 1310 1766
    1794 1795 1844 1907 1910
    1911 1923 1925 1929 1932
    1964 1971 1972 1991 1994
    2062 2071 2072 2129 2135
    2512 2519 3055 3069 3073
    6408 6410
PHYSTOP 0203
    0203 1237 1831 1845 1846
    3069
picenable 7575
    0345 4206 7575 8175 8230
    8292
picinit 7582
    0346 1225 7582
picsetmask 7567
    7567 7577 7633
pinit 2423
    0363 1229 2423
pipe 6511
    0254 0352 0353 0354 4055
    5731 5772 5809 6511 6523
    6529 6535 6539 6543 6561
    6580 6601 8413 8602 8603
PIPE 8509
    8509 8600 8736 9027
pipealloc 6521
    0351 6309 6521
pipeclose 6561
    0352 5731 6561
pipecmd 8534 8730
    8534 8562 8601 8730 8732
    8908 9008 9028
piperead 6601
    0353 5772 6601
PIPESIZE 6509
    6509 6513 6586 6594 6616
pipewrite 6580
    0354 5809 6580
popcli 1666
    0383 1621 1666 1669 1671
    1884
printint 7876
    7876 7926 7930
proc 2353
    0255 0358 0428 1205 1558
    1706 1738 1873 1879 2315
    2330 2353 2359 2406 2411
    2414 2454 2457 2461 2504
    2535 2537 2540 2543 2544
    2557 2564 2572 2573 2574
    2580 2581 2582 2584 2606
    2609 2611 2616 2617 2618
    2623 2625 2630 2633 2634
    2642 2655 2662 2663 2683
    2689 2710 2718 2725 2728
    2733 2761 2766 2775 2805
    2823 2824 2828 2855 2857
    2877 2880 2915 2919 3305
    3354 3356 3358 3401 3409
    3410 3412 3418 3423 3424
    3425 3431 3505 3519 3533
    3536 3547 3560 3632 3634
    3637 3638 3657 3691 3708
    3725 3753 3755 3760 3762
    3764 4157 4816 5562 5861
    5876 5893 5894 5946 6268
    6270 6314 6354 6436 6439
    6440 6441 6442 6443 6444
    6504 6587 6607 6961 7056
    7067 7068 7069 7072 7863
    8111 8260
procdump 2904
    0364 2904 8070
proghdr 0974
    0974 6367 9170 9184
PTE_ADDR 0844
    0844 1761 1928 1996 2019
    2067 2111
PTE_FLAGS 0845
    0845 2068
PTE_P 0833
    0833 1313 1315 1760 1770
    1789 1791 1995 2018 2065
    2107
PTE_PS 0840
    0840 1313 1315
pte_t 0848
    0848 1753 1757 1761 1763
    1782 1921 1984 2031 2056
    2104
PTE_U 0835
    0835 1770 1911 1972 2036
    2109
PTE_W 0834
    0834 1313 1315 1770 1829
    1831 1832 1911 1972
PTX 0815
    0815 1772
PTXSHIFT 0826
    0815 0818 0826
pushcli 1655
    0382 1576 1655 1875
rcr2 0582
    0582 3404 3411
readeflags 0544
    0544 1659 1668 2763 7308
read_head 4638
    4638 4670
readi 5302
    0300 1933 5302 5420 5466
    5775 6019 6020 6379 6390
readsb 4828
    0286 4613 4828 4884 4971
readsect 9210
    9210 9245
readseg 9229
    9164 9177 9188 9229
recover_from_log 4668
    4602 4617 4668
REDIR 8508
    8508 8580 8720 9021
redircmd 8525 8714
    8525 8563 8581 8714 8716
    8925 8928 8931 9009 9022
REG_ID 7460
    7460 7510
REG_TABLE 7462
    7462 7517 7518 7531 7532
REG_VER 7461
    7461 7509
release 1602
    0381 1602 1605 2464 2470
    2591 2610 2677 2684 2735
    2777 2787 2819 2832 2868
    2885 2889 2893 3081 3098
    3369 3726 3731 3744 3763
    4259 4278 4332 4428 4444
    4493 4689 4718 4727 4790
    5065 5081 5093 5115 5143
    5166 5175 5683 5687 5708
    5722 5728 6572 6575 6588
    6597 6608 6619 7951 8098
    8112 8132 8159
ROOTDEV 0157
    0157 2794 2795 5560
ROOTINO 3954
    3954 5560
run 3014
    2911 3014 3015 3021 3067
    3077 3090
runcmd 8556
    8556 8570 8587 8593 8595
    8609 8616 8627 8675
RUNNING 2350
    2350 2727 2761 2911 3423
    3424
safestrcpy 6732
    0389 2522 2584 6436 6732
sb 4824
    0286 4004 4010 4611 4613
    4614 4615 4824 4828 4833
    4860 4861 4862 4884 4885
    4971 4972 4973 5009 5010
    5031 5118 7414 7416 7418
sched 2753
    0366 2643 2753 2758 2760
    2762 2764 2776 2825
scheduler 2708
    0365 1267 2306 2708 2728
    2766
SCROLLLOCK 7664
    7664 7697
SECS 7379
    7379 7402
SECTOR_SIZE 4164
    4164 4231
SECTSIZE 9162
    9162 9223 9236 9239 9244
SEG 0769
    0769 1725 1726 1727 1728
    1731
SEG16 0773
    0773 1876
SEG_ASM 0660
    0660 1190 1191 9134 9135
segdesc 0752
    0509 0512 0752 0769 0773
    1711 2308
seginit 1716
    0417 1223 1255 1716
SEG_KCODE 0741
    0741 1150 1725 3322 3323
    9103
SEG_KCPU 0743
    0743 1731 1734 3266
SEG_KDATA 0742
    0742 1154 1726 1878 3263
    9108
SEG_NULLASM 0654
    0654 1189 9133
SEG_TSS 0746
    0746 1876 1877 1880
SEG_UCODE 0744
    0744 1727 2514
SEG_UDATA 0745
    0745 1728 2515
SETGATE 0921
    0921 3322 3323
setupkvm 1837
    0420 1837 1859 2060 2509
    6384
SHIFT 7658
    7658 7686 7687 7835
skipelem 5515
    5515 5564
sleep 2803
    0367 2689 2803 2806 2809
    2909 3729 4329 4431 4683
    4686 5113 6592 6611 8116
    8429
spinlock 1501
    0257 0367 0377 0379 0380
    0381 0409 1501 1559 1562
    1574 1602 1644 2407 2410
    2803 3009 3019 3308 3313
    4160 4177 4375 4380 4553
    4588 4817 4963 5659 5663
    6507 6512 7858 7871 8052
    8256
STA_R 0669 0786
    0669 0786 1190 1725 1727
    9134
start 1125 8358 9061
    1124 1125 1167 1175 1177
    4589 4614 4627 4640 4656
    4738 4972 8357 8358 9060
    9061 9117
startothers 1274
    1208 1236 1274
stat 3904
    0258 0282 0301 3904 4814
    5287 5752 5859 5954 8453
stati 5287
    0301 5287 5756
STA_W 0668 0785
    0668 0785 1191 1726 1728
    1731 9135
STA_X 0665 0782
    0665 0782 1190 1725 1727
    9134
sti 0563
    0563 0565 1673 2714
stosb 0492
    0492 0494 6660 9190
stosl 0501
    0501 0503 6658
strlen 6751
    0390 6417 6418 6751 8669
    8873
strncmp 6708
    0391 5405 6708
strncpy 6718
    0392 5472 6718
STS_IG32 0800
    0800 0927
STS_T32A 0797
    0797 1876
STS_TG32 0801
    0801 0927
sum 6976
    6976 6978 6980 6982 6983
    6995 7042
superblock 3962
    0259 0286 3962 4611 4824
    4828
SVR 7166
    7166 7257
switchkvm 1866
    0429 1254 1860 1866 2729
switchuvm 1873
    0428 1873 1882 2544 2726
    6444
swtch 2958
    0374 2728 2766 2957 2958
syscall 3628
    0400 3357 3507 3628
SYSCALL 8403 8410 8411 8412 8413 8414 8415 8416 8417 8418 8419 8420 8421 8422 8423 8424 8425 8426 8427 8428 8429 8430 8431
    8410 8411 8412 8413 8414
    8415 8416 8417 8418 8419
    8420 8421 8422 8423 8424
    8425 8426 8427 8428 8429
    8430 8431
sys_chdir 6251
    3579 3611 6251
SYS_chdir 3459
    3459 3611
sys_close 5939
    3580 3623 5939
SYS_close 3471
    3471 3623
sys_dup 5901
    3581 3612 5901
SYS_dup 3460
    3460 3612
sys_exec 6275
    3582 3609 6275
SYS_exec 3457
    3457 3609 8362
sys_exit 3666
    3583 3604 3666
SYS_exit 3452
    3452 3604 8367
sys_fork 3660
    3584 3603 3660
SYS_fork 3451
    3451 3603
sys_fstat 5951
    3585 3610 5951
SYS_fstat 3458
    3458 3610
sys_getpid 3689
    3586 3613 3689
SYS_getpid 3461
    3461 3613
sys_kill 3679
    3587 3608 3679
SYS_kill 3456
    3456 3608
sys_link 5963
    3588 3621 5963
SYS_link 3469
    3469 3621
sys_mkdir 6201
    3589 3622 6201
SYS_mkdir 3470
    3470 3622
sys_mknod 6217
    3590 3619 6217
SYS_mknod 3467
    3467 3619
sys_open 6151
    3591 3617 6151
SYS_open 3465
    3465 3617
sys_pipe 6301
    3592 3606 6301
SYS_pipe 3454
    3454 3606
sys_read 5915
    3593 3607 5915
SYS_read 3455
    3455 3607
sys_sbrk 3701
    3594 3614 3701
SYS_sbrk 3462
    3462 3614
sys_sleep 3715
    3595 3615 3715
SYS_sleep 3463
    3463 3615
sys_unlink 6051
    3596 3620 6051
SYS_unlink 3468
    3468 3620
sys_uptime 3738
    3599 3616 3738
SYS_uptime 3464
    3464 3616
sys_wait 3673
    3597 3605 3673
SYS_wait 3453
    3453 3605
sys_waitx 3751
    3600 3624 3751
SYS_waitx 3472
    3472 3624
sys_write 5927
    3598 3618 5927
SYS_write 3466
    3466 3618
taskstate 0851
    0851 2307
TDCR 7190
    7190 7263
T_DEV 3902
    3902 5307 5357 6228
T_DIR 3900
    3900 5416 5566 5978 6079
    6087 6135 6175 6207 6262
T_FILE 3901
    3901 6120 6164
ticks 3314
    0407 2570 2609 2884 3314
    3367 3368 3723 3724 3729
    3743 3762
tickslock 3313
    0409 2608 2610 2883 2885
    3313 3325 3366 3369 3722
    3726 3729 3731 3742 3744
    3761 3763
TICR 7188
    7188 7265
TIMER 7180
    7180 7264
TIMER_16BIT 8221
    8221 8227
TIMER_DIV 8216
    8216 8228 8229
TIMER_FREQ 8215
    8215 8216
timerinit 8224
    0403 1235 8224
TIMER_MODE 8218
    8218 8227
TIMER_RATEGEN 8220
    8220 8227
TIMER_SEL0 8219
    8219 8227
T_IRQ0 3179
    3179 3364 3373 3377 3380
    3384 3388 3389 3423 7257
    7264 7277 7517 7531 7597
    7616
TPR 7164
    7164 7293
trap 3351
    3202 3204 3272 3351 3403
    3405 3408
trapframe 0602
    0602 2360 2481 3351
trapret 3277
    2418 2486 3276 3277
T_SYSCALL 3176
    3176 3323 3353 8363 8368
    8407
tvinit 3317
    0408 1230 3317
uart 8265
    8265 8286 8305 8315
uartgetc 8313
    8313 8325
uartinit 8268
    0412 1228 8268
uartintr 8323
    0413 3385 8323
uartputc 8301
    0414 8045 8047 8297 8301
userinit 2502
    0368 1238 2502 2510
uva2ka 2102
    0421 2102 2126
V2P 0217
    0217 1830 1831
V2P_WO 0220
    0220 1036 1046
VER 7163
    7163 7273
wait 2653
    0369 2653 3675 3754 3764
    8412 8483 8594 8620 8621
    8676
waitdisk 9201
    9201 9213 9222
wakeup 2864
    0370 2864 3368 4272 4491
    4716 4726 5142 5172 6566
    6569 6591 6596 6618 8092
wakeup1 2853
    2420 2630 2637 2853 2867
walkpgdir 1754
    1754 1787 1926 1992 2033
    2063 2106
write_head 4654
    4654 4673 4755 4758
writei 5352
    0302 5352 5474 5826 6085
    6086
write_log 4733
    4733 4754
xchg 0569
    0569 1266 1583 1619
YEAR 7384
    7384 7407
yield 2772
    0371 2772 3427
